{
 "cells": [
  {
   "cell_type": "code",
   "execution_count": 24,
   "id": "c0d74a0b-9eb2-4064-99bf-b7b6ae977dc0",
   "metadata": {},
   "outputs": [],
   "source": [
    "import pandas as pd\n",
    "import datetime\n",
    "import yfinance as yf\n",
    "\n",
    "def _load_prices(\n",
    "    ticker: str,\n",
    "    data_source: str = 'yahoo',\n",
    "    end: str = datetime.date.today()\n",
    ") -> pd.DataFrame:\n",
    "    return yf.download(ticker, start=\"2000-01-01\", end=end, auto_adjust=False)['Adj Close']\n",
    "    \n",
    "def load_prices_multitickers(\n",
    "    tickers: list,\n",
    "    data_source: str = 'yahoo',\n",
    "    end: str = datetime.date.today()\n",
    ") -> list:\n",
    "    prices = pd.DataFrame()\n",
    "    for t in tickers:\n",
    "        prices[t] = _load_prices(t, data_source, end)\n",
    "        \n",
    "    return prices.fillna(value=None, method=\"ffill\", axis=0, inplace=False).dropna(axis=0, how='any', inplace=False)"
   ]
  },
  {
   "cell_type": "code",
   "execution_count": 38,
   "id": "70edd818-cc67-4b8b-ab28-8f0bfd5f40cd",
   "metadata": {},
   "outputs": [],
   "source": [
    "import pandas as pd\n",
    "from pypfopt import expected_returns\n",
    "from pypfopt import risk_models\n",
    "\n",
    "def _calc_returns(\n",
    "    prices: pd.DataFrame,\n",
    "    risk_free_rate: float = 0.04\n",
    ") -> dict:\n",
    "    rets = {}\n",
    "    rets['mhr'] = expected_returns.mean_historical_return(prices, frequency=252)\n",
    "    rets['ehr'] = expected_returns.ema_historical_return(prices, frequency=252, span=252*5)\n",
    "    rets['capmr'] = expected_returns.capm_return(prices,  risk_free_rate=risk_free_rate, compounding=True, frequency=252)\n",
    "\n",
    "    return rets\n",
    "\n",
    "def _calc_riskcovs(\n",
    "    prices: pd.DataFrame,\n",
    "    risk_free_rate: float = 0.04\n",
    ") -> dict:\n",
    "    covs = {}\n",
    "    covs['sample_cov'] = risk_models.risk_matrix(prices, method='sample_cov')\n",
    "    covs['semicovariance'] = risk_models.risk_matrix(prices, method='semicovariance', benchmark=risk_free_rate, frequency=252, log_returns=False)\n",
    "    covs['exp_cov'] = risk_models.risk_matrix(prices, method='exp_cov', span=252*5, frequency=252)\n",
    "\n",
    "    covs['ledoiid_wolf_cc'] = risk_models.risk_matrix(prices, method='ledoit_wolf_constant_correlation', frequency=252)\n",
    "    covs['ledoiid_wolf_sf'] = risk_models.risk_matrix(prices, method='ledoit_wolf_single_factor', frequency=252)\n",
    "    covs['ledoiid_wolf_cv'] = risk_models.risk_matrix(prices, method='ledoit_wolf_constant_variance', frequency=252)\n",
    "    covs['oracle_approx'] = risk_models.risk_matrix(prices, method='oracle_approximating', frequency=252)\n",
    "    \n",
    "    return covs\n",
    "\n",
    "def calc_returns_riskcovs(\n",
    "    prices: pd.DataFrame,\n",
    "    risk_free_rate: float = 0.04\n",
    ") -> (dict, dict):\n",
    "    r = _calc_returns(prices)\n",
    "    c = _calc_riskcovs(prices)\n",
    "    return r, c"
   ]
  },
  {
   "cell_type": "code",
   "execution_count": 39,
   "id": "24958704-69e0-4cec-8513-229b933256aa",
   "metadata": {},
   "outputs": [
    {
     "name": "stderr",
     "output_type": "stream",
     "text": [
      "[*********************100%***********************]  1 of 1 completed\n",
      "[*********************100%***********************]  1 of 1 completed\n",
      "[*********************100%***********************]  1 of 1 completed\n",
      "[*********************100%***********************]  1 of 1 completed\n",
      "[*********************100%***********************]  1 of 1 completed\n",
      "[*********************100%***********************]  1 of 1 completed\n",
      "[*********************100%***********************]  1 of 1 completed\n",
      "/tmp/ipykernel_76/3354200728.py:21: FutureWarning: DataFrame.fillna with 'method' is deprecated and will raise in a future version. Use obj.ffill() or obj.bfill() instead.\n",
      "  return prices.fillna(value=None, method=\"ffill\", axis=0, inplace=False).dropna(axis=0, how='any', inplace=False)\n"
     ]
    },
    {
     "data": {
      "text/plain": [
       "({'mhr': SPY      0.137475\n",
       "  IWB      0.135214\n",
       "  VFWAX    0.047965\n",
       "  ACWX     0.045742\n",
       "  AGG      0.015875\n",
       "  BWX     -0.014649\n",
       "  BNDX     0.023484\n",
       "  dtype: float64,\n",
       "  'ehr': SPY      0.182484\n",
       "  IWB      0.179482\n",
       "  VFWAX    0.058165\n",
       "  ACWX     0.063057\n",
       "  AGG      0.008905\n",
       "  BWX     -0.029434\n",
       "  BNDX     0.021062\n",
       "  Name: 2024-12-30 00:00:00, dtype: float64,\n",
       "  'capmr': SPY      0.070029\n",
       "  IWB      0.070519\n",
       "  VFWAX    0.068238\n",
       "  ACWX     0.070683\n",
       "  AGG      0.042956\n",
       "  BWX      0.046317\n",
       "  BNDX     0.042043\n",
       "  Name: mkt, dtype: float64},\n",
       " {'sample_cov':             SPY       IWB     VFWAX      ACWX       AGG       BWX      BNDX\n",
       "  SPY    0.028497  0.028868  0.022437  0.024456  0.000738  0.001648  0.000628\n",
       "  IWB    0.028868  0.029376  0.022821  0.024863  0.000760  0.001673  0.000662\n",
       "  VFWAX  0.022437  0.022821  0.024343  0.026046  0.001025  0.003640  0.000563\n",
       "  ACWX   0.024456  0.024863  0.026046  0.028504  0.001136  0.003955  0.000650\n",
       "  AGG    0.000738  0.000760  0.001025  0.001136  0.002587  0.002848  0.001468\n",
       "  BWX    0.001648  0.001673  0.003640  0.003955  0.002848  0.007009  0.001794\n",
       "  BNDX   0.000628  0.000662  0.000563  0.000650  0.001468  0.001794  0.001531,\n",
       "  'semicovariance':             SPY       IWB     VFWAX      ACWX       AGG       BWX      BNDX\n",
       "  SPY    0.419764  0.420148  0.417330  0.419271  0.398128  0.400348  0.397814\n",
       "  IWB    0.420148  0.420656  0.417749  0.419697  0.398281  0.400526  0.397965\n",
       "  VFWAX  0.417330  0.417749  0.422642  0.424316  0.401388  0.405223  0.400706\n",
       "  ACWX   0.419271  0.419697  0.424316  0.426713  0.401623  0.405721  0.400906\n",
       "  AGG    0.398128  0.398281  0.401388  0.401623  0.404424  0.405814  0.403028\n",
       "  BWX    0.400348  0.400526  0.405223  0.405721  0.405814  0.411108  0.404483\n",
       "  BNDX   0.397814  0.397965  0.400706  0.400906  0.403028  0.404483  0.402815,\n",
       "  'exp_cov':             SPY       IWB     VFWAX      ACWX       AGG       BWX      BNDX\n",
       "  SPY    0.028700  0.029144  0.021251  0.022896  0.001901  0.003897  0.001323\n",
       "  IWB    0.029144  0.029729  0.021739  0.023418  0.001971  0.004007  0.001378\n",
       "  VFWAX  0.021251  0.021739  0.023388  0.024747  0.002219  0.005952  0.001282\n",
       "  ACWX   0.022896  0.023418  0.024747  0.026800  0.002472  0.006542  0.001438\n",
       "  AGG    0.001901  0.001971  0.002219  0.002472  0.003881  0.004440  0.002402\n",
       "  BWX    0.003897  0.004007  0.005952  0.006542  0.004440  0.008967  0.002962\n",
       "  BNDX   0.001323  0.001378  0.001282  0.001438  0.002402  0.002962  0.002224,\n",
       "  'ledoiid_wolf_cc':             SPY       IWB     VFWAX      ACWX       AGG       BWX      BNDX\n",
       "  SPY    0.028497  0.028642  0.022284  0.024288  0.000778  0.001708  0.000658\n",
       "  IWB    0.028642  0.029376  0.022665  0.024692  0.000800  0.001734  0.000693\n",
       "  VFWAX  0.022284  0.022665  0.024343  0.025843  0.001057  0.003667  0.000591\n",
       "  ACWX   0.024288  0.024692  0.025843  0.028504  0.001170  0.003983  0.000679\n",
       "  AGG    0.000778  0.000800  0.001057  0.001170  0.002587  0.002834  0.001459\n",
       "  BWX    0.001708  0.001734  0.003667  0.003983  0.002834  0.007009  0.001789\n",
       "  BNDX   0.000658  0.000693  0.000591  0.000679  0.001459  0.001789  0.001531,\n",
       "  'ledoiid_wolf_sf':             SPY       IWB     VFWAX      ACWX       AGG       BWX      BNDX\n",
       "  SPY    0.028487  0.028830  0.022434  0.024453  0.000750  0.001674  0.000636\n",
       "  IWB    0.028830  0.029366  0.022818  0.024860  0.000772  0.001699  0.000670\n",
       "  VFWAX  0.022434  0.022818  0.024334  0.026019  0.001034  0.003648  0.000570\n",
       "  ACWX   0.024453  0.024860  0.026019  0.028495  0.001145  0.003964  0.000657\n",
       "  AGG    0.000750  0.000772  0.001034  0.001145  0.002586  0.002830  0.001457\n",
       "  BWX    0.001674  0.001699  0.003648  0.003964  0.002830  0.007007  0.001783\n",
       "  BNDX   0.000636  0.000670  0.000570  0.000657  0.001457  0.001783  0.001531,\n",
       "  'ledoiid_wolf_cv':             SPY       IWB     VFWAX      ACWX       AGG       BWX      BNDX\n",
       "  SPY    0.028397  0.028624  0.022247  0.024249  0.000731  0.001634  0.000623\n",
       "  IWB    0.028624  0.029269  0.022628  0.024653  0.000753  0.001658  0.000657\n",
       "  VFWAX  0.022247  0.022628  0.024278  0.025825  0.001016  0.003610  0.000558\n",
       "  ACWX   0.024249  0.024653  0.025825  0.028405  0.001126  0.003921  0.000644\n",
       "  AGG    0.000731  0.000753  0.001016  0.001126  0.002707  0.002824  0.001455\n",
       "  BWX    0.001634  0.001658  0.003610  0.003921  0.002824  0.007091  0.001779\n",
       "  BNDX   0.000623  0.000657  0.000558  0.000644  0.001455  0.001779  0.001660,\n",
       "  'oracle_approx':             SPY       IWB     VFWAX      ACWX       AGG       BWX      BNDX\n",
       "  SPY    0.028476  0.028829  0.022406  0.024422  0.000737  0.001646  0.000627\n",
       "  IWB    0.028829  0.029354  0.022790  0.024830  0.000759  0.001670  0.000661\n",
       "  VFWAX  0.022406  0.022790  0.024327  0.026010  0.001024  0.003636  0.000562\n",
       "  ACWX   0.024422  0.024830  0.026010  0.028483  0.001134  0.003950  0.000649\n",
       "  AGG    0.000737  0.000759  0.001024  0.001134  0.002602  0.002844  0.001466\n",
       "  BWX    0.001646  0.001670  0.003636  0.003950  0.002844  0.007018  0.001792\n",
       "  BNDX   0.000627  0.000661  0.000562  0.000649  0.001466  0.001792  0.001547})"
      ]
     },
     "execution_count": 39,
     "metadata": {},
     "output_type": "execute_result"
    }
   ],
   "source": [
    "# 各指数に連動するETFのティッカーシンボル\n",
    "etf_tickers = {\n",
    "    \"S&P 500\": \"SPY\",  # SPDR S&P 500 ETF Trust\n",
    "    \"Russell 1000\": \"IWB\",  # iShares Russell 1000 ETF\n",
    "    \"FTSE Global All Cap ex US Index\": \"VFWAX\",  # Vanguard FTSE All-World ex-US Index Fund\n",
    "    \"MSCI ACWI ex-US Index\": \"ACWX\",  # iShares MSCI ACWI ex U.S. ETF\n",
    "    \"Bloomberg US Aggregate Bond Index\": \"AGG\",  # iShares Core U.S. Aggregate Bond ETF\n",
    "    \"FTSE World Government Bond Index (WGBI)\": \"BWX\",  # SPDR Bloomberg Barclays International Treasury Bond ETF\n",
    "    \"Bloomberg Global Aggregate Bond Index\": \"BNDX\"  # Vanguard Total International Bond ETF\n",
    "}\n",
    "prices = load_prices_multitickers(etf_tickers.values())\n",
    "calc_returns_riskcovs(prices)"
   ]
  },
  {
   "cell_type": "code",
   "execution_count": 22,
   "id": "4b12bbfd-96e3-43b1-97fc-b3751ba3fdac",
   "metadata": {},
   "outputs": [
    {
     "name": "stderr",
     "output_type": "stream",
     "text": [
      "[*********************100%***********************]  1 of 1 completed\n",
      "[*********************100%***********************]  1 of 1 completed\n",
      "[*********************100%***********************]  1 of 1 completed\n",
      "[*********************100%***********************]  1 of 1 completed\n",
      "[*********************100%***********************]  1 of 1 completed\n",
      "[*********************100%***********************]  1 of 1 completed\n",
      "[*********************100%***********************]  1 of 1 completed"
     ]
    },
    {
     "name": "stdout",
     "output_type": "stream",
     "text": [
      "S&P 500 (ETF: ^GSPC) - Adj Close:\n",
      "Ticker            ^GSPC\n",
      "Date                   \n",
      "2000-01-03  1455.219971\n",
      "2000-01-04  1399.420044\n",
      "2000-01-05  1402.109985\n",
      "2000-01-06  1403.449951\n",
      "2000-01-07  1441.469971\n",
      "\n",
      "\n",
      "Russell 1000 (ETF: IWB) - Adj Close:\n",
      "Ticker            IWB\n",
      "Date                 \n",
      "2000-05-19  48.677158\n",
      "2000-05-22  48.533882\n",
      "2000-05-23  47.715099\n",
      "2000-05-24  48.124496\n",
      "2000-05-25  47.766266\n",
      "\n",
      "\n",
      "FTSE Global All Cap ex US Index (ETF: VFWAX) - Adj Close:\n",
      "Ticker          VFWAX\n",
      "Date                 \n",
      "2011-09-27  16.635542\n",
      "2011-09-28  16.356070\n",
      "2011-09-29  16.608919\n",
      "2011-09-30  16.169741\n",
      "2011-10-03  15.683990\n",
      "\n",
      "\n",
      "MSCI ACWI ex-US Index (ETF: ACWX) - Adj Close:\n",
      "Ticker           ACWX\n",
      "Date                 \n",
      "2008-04-01  33.702732\n",
      "2008-04-02  34.030827\n",
      "2008-04-03  34.332684\n",
      "2008-04-04  34.417984\n",
      "2008-04-07  34.588604\n",
      "\n",
      "\n",
      "Bloomberg US Aggregate Bond Index (ETF: AGG) - Adj Close:\n",
      "Ticker            AGG\n",
      "Date                 \n",
      "2003-09-29  52.085358\n",
      "2003-09-30  52.355530\n",
      "2003-10-01  52.330067\n",
      "2003-10-02  52.248478\n",
      "2003-10-03  51.871281\n",
      "\n",
      "\n",
      "FTSE World Government Bond Index (WGBI) (ETF: BWX) - Adj Close:\n",
      "Ticker            BWX\n",
      "Date                 \n",
      "2007-10-11  20.539711\n",
      "2007-10-12  20.472639\n",
      "2007-10-15  20.421322\n",
      "2007-10-16  20.429222\n",
      "2007-10-17  20.500248\n",
      "\n",
      "\n",
      "Bloomberg Global Aggregate Bond Index (ETF: BNDX) - Adj Close:\n",
      "Ticker           BNDX\n",
      "Date                 \n",
      "2013-06-04  37.521900\n",
      "2013-06-05  37.566658\n",
      "2013-06-06  37.514450\n",
      "2013-06-07  37.439846\n",
      "2013-06-10  37.171303\n",
      "\n",
      "\n"
     ]
    },
    {
     "name": "stderr",
     "output_type": "stream",
     "text": [
      "\n"
     ]
    }
   ],
   "source": [
    "import yfinance as yf\n",
    "import pandas as pd\n",
    "\n",
    "# 各指数に連動するETFのティッカーシンボル\n",
    "etf_tickers = {\n",
    "    \"S&P 500\": \"^GSPC\",  # SPDR S&P 500 ETF Trust\n",
    "    \"Russell 1000\": \"IWB\",  # iShares Russell 1000 ETF\n",
    "    \"FTSE Global All Cap ex US Index\": \"VFWAX\",  # Vanguard FTSE All-World ex-US Index Fund\n",
    "    \"MSCI ACWI ex-US Index\": \"ACWX\",  # iShares MSCI ACWI ex U.S. ETF\n",
    "    \"Bloomberg US Aggregate Bond Index\": \"AGG\",  # iShares Core U.S. Aggregate Bond ETF\n",
    "    \"FTSE World Government Bond Index (WGBI)\": \"BWX\",  # SPDR Bloomberg Barclays International Treasury Bond ETF\n",
    "    \"Bloomberg Global Aggregate Bond Index\": \"BNDX\"  # Vanguard Total International Bond ETF\n",
    "}\n",
    "\n",
    "# データを取得\n",
    "data = {}\n",
    "for index, ticker in etf_tickers.items():\n",
    "    data[index] = yf.download(ticker, start=\"2000-01-01\", end=\"2023-01-01\", auto_adjust=False)['Adj Close']\n",
    "\n",
    "# データを表示\n",
    "for index, df in data.items():\n",
    "    print(f\"{index} (ETF: {etf_tickers[index]}) - Adj Close:\")\n",
    "    print(df.head())\n",
    "    print(\"\\n\")"
   ]
  },
  {
   "cell_type": "code",
   "execution_count": null,
   "id": "e9ba1d85-c86d-4097-aad8-b8e3f5c8c672",
   "metadata": {},
   "outputs": [],
   "source": []
  }
 ],
 "metadata": {
  "kernelspec": {
   "display_name": "Python 3 (ipykernel)",
   "language": "python",
   "name": "python3"
  },
  "language_info": {
   "codemirror_mode": {
    "name": "ipython",
    "version": 3
   },
   "file_extension": ".py",
   "mimetype": "text/x-python",
   "name": "python",
   "nbconvert_exporter": "python",
   "pygments_lexer": "ipython3",
   "version": "3.13.1"
  }
 },
 "nbformat": 4,
 "nbformat_minor": 5
}
